00 00 00 00 00 00 00 00 00 00 00 00 00 00 00 00 00 00 00 00 00 00 00 00 00 00 00 00 00 00 
00 00 00 00 00 00 00 00 00 00 00 00 00 00 00 00 00 00 00 00 00 00 00 00 00 00 00 00 00 00 
00 00 00 00 00 00 00 00 00 00 00 00 00 00 00 00 00 00 00 00 00 00 00 00 00 00 00 00 00 00 
00 00 00 00 00 00 00 00 00 00 00 00 00 00 00 00 00 00 00 00 00 00 00 00 00 00 00 00 00 00 
00 00 00 00 00 00 00 00 00 00 00 00 00 00 00 00 00 00 00 00 00 00 00 00 00 00 00 00 00 00 
00 00 00 00 00 00 00 00 00 00 00 00 00 00 00 00 00 00 00 00 00 00 00 00 00 00 00 00 00 00 
00 00 00 00 00 00 00 00 00 00 00 00 00 00 00 00 00 00 00 00 00 00 00 00 00 00 00 00 00 00 
00 00 00 00 00 00 00 00 00 00 00 00 00 00 00 00 00 00 00 00 00 00 00 00 00 00 00 00 00 00 
00 00 00 00 00 00 00 00 00 00 00 00 00 00 00 00 00 00 00 00 00 00 00 00 00 00 00 00 00 00 
00 00 00 00 00 00 00 00 00 00 00 00 00 00 00 00 00 00 00 00 00 00 00 00 00 00 00 00 00 00 
00 00 00 00 00 00 00 00 00 00 00 00 00 00 00 00 00 00 00 00 00 00 00 00 00 00 00 00 00 00 
00 00 00 00 00 00 00 00 00 00 00 00 00 00 00 00 00 00 00 00 00 00 00 00 00 00 00 00 00 00 
00 00 00 00 00 00 00 00 00 00 00 00 00 00 00 00 00 00 00 00 00 00 00 00 00 00 00 00 00 00 
00 00 00 00 00 00 00 00 00 00 00 00 00 00 00 00 00 00 00 00 00 00 00 00 00 00 00 00 00 00 
00 00 00 00 00 00 00 00 00 00 00 00 00 00 00 00 00 00 00 00 00 00 00 00 00 00 00 00 00 00 
00 00 00 00 00 00 00 00 00 00 00 00 00 00 00 00 00 00 00 00 00 00 00 00 00 00 00 00 00 00 
00 00 00 00 00 00 00 00 00 00 00 00 00 00 00 00 00 00 00 00 00 00 00 00 00 00 00 00 00 00 
00 00 00 00 00 00 00 00 00 00 00 00 00 00 00 00 00 00 00 00 00 00 00 00 00 00 00 00 00 00 
00 00 00 00 00 00 00 00 00 00 00 00 00 00 00 00 00 00 00 00 00 00 00 00 00 00 00 00 00 00 
00 00 00 00 00 00 00 00 00 00 00 00 00 00 00 00 00 00 00 00 00 00 00 00 00 00 00 00 00 00 
00 00 00 00 00 00 00 00 00 00 00 00 00 00 00 00 00 00 00 00 00 00 00 00 00 00 00 00 00 00 
00 00 00 00 00 00 00 00 00 00 00 00 00 00 00 00 00 00 00 00 00 00 00 00 00 00 00 00 00 00 
00 00 00 00 00 00 00 00 00 00 00 00 00 00 00 00 00 00 00 00 00 00 00 00 00 00 00 00 00 00 
00 00 00 00 00 00 00 00 00 00 00 00 00 00 00 00 00 00 00 00 00 00 00 00 00 00 00 00 00 00 
00 00 00 00 00 00 00 00 00 00 00 00 00 00 00 00 00 00 00 00 00 00 00 00 00 00 00 00 00 00 
00 00 00 00 00 00 00 00 00 00 00 00 00 00 00 00 00 00 00 00 00 00 00 00 00 00 00 00 00 00 
00 00 00 00 00 00 00 00 00 00 00 00 00 00 00 00 00 00 00 00 00 00 00 00 00 00 00 00 00 00 
00 00 00 00 00 00 00 00 00 00 00 00 00 00 00 00 00 00 00 00 00 00 00 00 00 00 00 00 00 00 
00 00 00 00 00 00 00 00 00 00 00 00 00 00 00 00 00 00 00 00 00 00 00 00 00 00 00 00 00 00 
00 00 00 00 00 00 00 00 00 00 00 00 00 00 00 00 00 00 00 00 00 00 00 00 00 00 00 00 00 00 
00 00 00 00 00 00 00 00 00 00 00 00 00 00 00 00 00 00 00 00 00 00 00 00 00 00 00 00 00 00 
00 00 00 00 00 00 00 00 00 00 00 00 00 00 00 00 00 00 00 00 00 00 00 00 00 00 00 00 00 00 
00 00 00 00 00 00 00 00 00 00 00 00 00 00 00 00 00 00 00 00 00 00 00 00 00 00 00 00 00 00 
00 00 00 00 00 00 00 00 00 00 00 00 00 00 00 00 00 00 00 00 00 00 00 00 00 00 00 00 00 00 
00 00 00 00 00 cd 74 14 00 c5 e5 1a d3 04 db 03 b6 77 23 13 af d3 04 db 03 b6 77 e1 01 20 
00 09 c1 05 c2 05 14 c9 00 00 cd 74 14 c5 e5 af 77 23 77 23 e1 01 20 00 09 c1 05 c2 27 14 
c9 c5 1a 77 13 01 20 00 09 c1 05 c2 39 14 c9 00 00 00 00 00 00 00 00 00 00 00 cd 74 14 c5 
e5 1a d3 04 db 03 2f a6 77 23 13 af d3 04 db 03 2f a6 77 e1 01 20 00 09 c1 05 c2 55 14 c9 
7d e6 07 d3 02 c3 47 1a c5 e5 7e 12 13 23 0d c2 7e 14 e1 01 20 00 09 c1 05 c2 7c 14 c9 cd 
74 14 af 32 61 20 c5 e5 1a d3 04 db 03 f5 a6 ca a9 14 3e 01 32 61 20 f1 b6 77 23 13 af d3 
04 db 03 f5 a6 ca bd 14 3e 01 32 61 20 f1 b6 77 e1 01 20 00 09 c1 05 c2 98 14 c9 af c5 77 
01 20 00 09 c1 05 c2 cc 14 c9 3a 25 20 fe 05 c8 fe 02 c0 3a 29 20 fe d8 47 d2 30 15 3a 02 
20 a7 c8 78 fe ce d2 79 15 c6 06 47 3a 09 20 fe 90 d2 04 15 b8 d2 30 15 68 cd 62 15 3a 2a 
20 67 cd 6f 15 22 64 20 3e 05 32 25 20 cd 81 15 7e a7 ca 30 15 36 00 cd 5f 0a cd 3b 1a cd 
d3 15 3e 10 32 03 20 c9 3e 03 32 25 20 c3 4a 15 21 03 20 35 c0 2a 64 20 06 10 cd 24 14 3e 
04 32 25 20 af 32 02 20 06 f7 c3 dc 19 00 0e 00 bc d4 90 15 bc d0 c6 10 0c c3 5a 15 3a 09 
20 65 cd 54 15 41 05 de 10 6f c9 3a 0a 20 cd 54 15 de 10 67 c9 3e 01 32 85 20 c3 45 15 78 
07 07 07 80 80 80 81 3d 6f 3a 67 20 67 c9 0c c6 10 fa 90 15 c9 3a 0d 20 a7 c2 b7 15 21 a4 
3e cd c5 15 d0 06 fe 3e 01 32 0d 20 78 32 08 20 3a 0e 20 32 07 20 c9 21 24 25 cd c5 15 d0 
cd f1 18 af c3 a9 15 06 17 7e a7 c2 6b 16 23 05 c2 c7 15 c9 00 cd 74 14 e5 c5 e5 1a d3 04 
db 03 77 23 13 af d3 04 db 03 77 e1 01 20 00 09 c1 05 c2 d7 15 e1 c9 cd 11 16 01 00 37 7e 
a7 ca ff 15 0c 23 05 c2 f9 15 79 32 82 20 fe 01 c0 21 6b 20 36 01 c9 2e 00 3a 67 20 67 c9 
3a 15 20 fe ff c0 21 10 20 7e 23 46 b0 c0 3a 25 20 a7 c0 3a ef 20 a7 ca 52 16 3a 2d 20 a7 
c2 48 16 cd c0 17 e6 10 c8 3e 01 32 25 20 32 2d 20 c9 cd c0 17 e6 10 c0 32 2d 20 c9 21 25 
20 36 01 2a ed 20 23 7d fe 7e da 63 16 2e 74 22 ed 20 7e 32 1d 20 c9 37 c9 af cd 8b 1a cd 
10 19 36 00 cd ca 09 23 11 f5 20 1a be 1b 2b 1a ca 8b 16 d2 98 16 c3 8f 16 be d2 98 16 7e 
12 13 23 7e 12 cd 50 19 3a ce 20 a7 ca c9 16 21 03 28 11 a6 1a 0e 14 cd 93 0a 25 25 06 1b 
3a 67 20 0f da b7 16 06 1c 78 cd ff 08 cd b1 0a cd e7 18 7e a7 ca c9 16 c3 ed 02 21 18 2d 
11 a6 1a 0e 0a cd 93 0a cd b6 0a cd d6 09 af 32 ef 20 d3 05 cd d1 19 c3 89 0b 31 00 24 fb 
af 32 15 20 cd d8 14 06 04 cd fa 18 cd 59 0a c2 ee 16 cd d7 19 21 01 27 cd fa 19 af cd 8b 
1a 06 fb c3 6b 19 cd ca 09 23 7e 11 b8 1c 21 a1 1a 0e 04 47 1a b8 d2 27 17 23 13 0d c2 1c 
17 7e 32 cf 20 c9 3a 25 20 fe 00 c2 39 17 06 fd c3 dc 19 06 02 c3 fa 18 00 00 21 9b 20 35 
cc 6d 17 3a 68 20 a7 ca 6d 17 21 96 20 35 c0 21 98 20 7e d3 05 3a 82 20 a7 ca 6d 17 2b 7e 
2b 77 2b 36 01 3e 04 32 9b 20 c9 3a 98 20 e6 30 d3 05 c9 3a 95 20 a7 ca aa 17 21 11 1a 11 
21 1a 3a 82 20 be d2 8e 17 23 13 c3 85 17 1a 32 97 20 21 98 20 7e e6 30 47 7e e6 0f 07 fe 
10 c2 a4 17 3e 01 b0 77 af 32 95 20 21 99 20 35 c0 06 ef c3 dc 19 06 ef 21 98 20 7e a0 77 
d3 05 c9 00 3a 67 20 0f d2 ca 17 db 01 c9 db 02 c9 db 02 e6 04 c8 3a 9a 20 a7 c0 31 00 24 
06 04 cd d6 09 05 c2 dc 17 3e 01 32 9a 20 cd d7 19 fb 11 bc 1c 21 16 30 0e 04 cd 93 0a cd 
b1 0a af 32 9a 20 32 93 
